% -------------------------------------------------------------------
%  Generated by MATLAB on 9-Dec-2024 15:37:42
%  MATLAB version: 24.2.0.2712019 (R2024b)
% -------------------------------------------------------------------
                                      

x = 2;

y = 5;

